%YAML:1.0
img: !!opencv-matrix
   rows: 30
   cols: 64
   dt: f
   data: [ 0., 0., 0., 0., 0., 0., 0., 0., 5.62413968e-002,
       5.70798386e-003, 6.03202172e-002, 1.44266337e-002,
       -7.67999809e-005, -8.63777532e-005, 1.33134599e-004,
       9.45650463e-005, -1.10448780e-003, 4.37958259e-003,
       1.42279838e-003, 4.37958259e-003, -4.94424312e-004,
       8.99052538e-004, 4.94424312e-004, 8.99052538e-004,
       4.10129249e-001, -9.62334976e-004, 4.27099109e-001,
       5.51284626e-002, -1.91931624e-003, -8.94570025e-004,
       2.15683971e-003, 1.63707952e-003, -7.53282662e-003,
       6.11684732e-002, 8.53539910e-003, 6.60214499e-002,
       -1.10829443e-001, 4.25541550e-001, 1.26781777e-001,
       4.55256432e-001, 1.88413799e-001, 1.71083912e-001,
       3.27903479e-001, 2.04647705e-001, -4.26235097e-003,
       3.63682141e-003, 4.26235097e-003, 3.76773905e-003,
       -4.24660480e-004, -5.85315865e-006, 4.24921513e-004,
       1.34160655e-004, 8.43708054e-004, -1.41558319e-003,
       1.67126779e-003, 1.41558319e-003, 5.45548648e-003,
       -1.86303596e-003, 5.65960584e-003, 1.86303596e-003,
       -2.73500627e-004, 2.73644022e-004, 2.93445250e-004,
       3.12304910e-004, 0., 0., 0., 0., 0., 0., 0., 0., 4.16366048e-002,
       1.46913640e-002, 1.00276768e-001, 2.49433536e-002,
       -2.65933643e-003, 1.06040586e-003, 2.65933643e-003,
       1.06040586e-003, 0., 0., 0., 0., 0., 0., 0., 0., 2.75562465e-001,
       -7.61218891e-002, 6.51640177e-001, 7.61218891e-002,
       -1.37232486e-002, -3.94442305e-003, 1.37232486e-002,
       3.94442305e-003, 0., 0., 0., 0., 1.94088489e-001, 2.40891293e-001,
       1.98360935e-001, 2.71765530e-001, 1.23130260e-002,
       1.92715272e-001, 3.94416243e-001, 2.52488077e-001,
       -9.85399541e-003, 2.35242117e-002, 9.85399541e-003,
       2.35242117e-002, 0., 0., 0., 0., 4.97623011e-002,
       -1.64257754e-002, 5.25650419e-002, 2.15768274e-002,
       -9.32257995e-003, -2.67754216e-002, 1.79132745e-002,
       2.74975169e-002, 1.89650524e-003, -1.05028169e-003,
       6.21984154e-003, 9.08620469e-003, 0., 0., 0., 0., 5.38578220e-002,
       -1.30289719e-002, 5.38578220e-002, 1.38818845e-002,
       1.51904663e-002, -8.42740200e-003, 2.30766926e-002,
       1.03523675e-002, 7.36759568e-004, 3.14006786e-004,
       7.51434127e-004, 4.93914296e-004, 0., 0., 0., 0., 1.32221263e-002,
       -1.05174342e-002, 1.32221263e-002, 1.05174342e-002,
       4.43224669e-001, -1.16509356e-001, 4.79832143e-001,
       1.24983765e-001, 8.81495699e-003, -1.13588583e-003,
       8.98543093e-003, 2.43905745e-003, 1.01060905e-002,
       2.56231762e-002, 1.01060905e-002, 2.56231762e-002,
       1.62226990e-001, 3.71817023e-001, 1.72244966e-001,
       3.86629760e-001, 2.07143947e-001, 2.02931136e-001,
       2.42172942e-001, 2.11612836e-001, -1.03128320e-002,
       -1.21128466e-002, 2.05018483e-002, 1.54327787e-002,
       2.02159351e-003, 4.19670809e-003, 2.29497720e-003,
       4.84486856e-003, -2.73873052e-003, -3.33021022e-003,
       3.01126880e-003, 3.97110078e-003, -1.58105940e-002,
       -2.55366843e-002, 1.78189483e-002, 3.13158557e-002,
       -8.78303684e-003, -9.03398078e-003, 8.78303684e-003,
       9.03398078e-003, 0., 0., 0., 0., 0., 0., 0., 0., 6.60743713e-002,
       1.12792496e-002, 7.02750012e-002, 1.28402980e-002,
       -3.97193385e-003, -1.17938523e-003, 4.95412992e-003,
       1.19063037e-003, 0., 0., 0., 0., 0., 0., 0., 0., 4.40602660e-001,
       -1.04324654e-001, 4.68733937e-001, 1.18395112e-001,
       -7.33891921e-003, 3.96127859e-003, 9.80380550e-003,
       9.86398850e-003, 1.92133375e-002, 4.40848842e-002,
       2.00628936e-002, 4.51468229e-002, 7.17545077e-002,
       4.00583744e-001, 8.50838646e-002, 4.17217344e-001,
       1.74944103e-001, 1.83234870e-001, 2.23798290e-001,
       2.91422248e-001, -3.39882914e-003, 6.85465755e-003,
       3.50502343e-003, 7.09078833e-003, -5.06702752e-004,
       -1.24740473e-004, 5.60514862e-004, 5.05832199e-004,
       -2.21291045e-003, -9.11045261e-003, 8.09650868e-003,
       1.23227267e-002, 3.62404133e-003, -3.05907172e-003,
       4.36844258e-003, 3.48330289e-003, -2.73603539e-004,
       -5.92678902e-004, 5.20163623e-004, 5.95635443e-004, 0., 0., 0.,
       0., 1.94135049e-004, -1.17176147e-004, 1.94135049e-004,
       1.17176147e-004, 7.59733468e-002, -1.14332465e-002,
       8.10950845e-002, 1.15567762e-002, -3.76374926e-003,
       -4.79625014e-004, 4.07700241e-003, 5.34840394e-004, 0., 0., 0.,
       0., 0., 0., 0., 0., 4.77752924e-001, -6.51057214e-002,
       4.96729255e-001, 6.51057214e-002, -2.83976942e-002,
       -1.61230809e-003, 3.47105190e-002, 3.12731508e-003,
       1.17036002e-002, 4.41154316e-002, 1.24791404e-002,
       4.45356779e-002, 9.34286565e-002, 3.89611244e-001,
       9.59583968e-002, 3.98071229e-001, 2.09744290e-001,
       1.77781433e-001, 2.18632519e-001, 2.08203495e-001,
       -2.90135685e-002, -6.66906871e-003, 3.83768044e-002,
       7.06208916e-003, 1.03919406e-003, 3.13122546e-005,
       2.53829709e-003, 6.71296730e-004, 1.54927175e-003,
       2.50038970e-003, 2.21797475e-003, 2.88999616e-003,
       1.66170893e-003, 7.85563141e-003, 2.04490544e-003,
       7.99292699e-003, -7.04826415e-003, 4.75140521e-004,
       7.26502342e-003, 5.32601122e-003, 0., 0., 0., 0., 0., 0., 0., 0.,
       0., 0., 0., 0., 1.54937329e-002, -2.49142689e-003,
       1.57924984e-002, 2.49142689e-003, 0., 0., 0., 0., 2.15531811e-001,
       2.31737286e-001, 2.15531811e-001, 2.31737286e-001,
       6.83422834e-002, 3.92384320e-001, 8.02856162e-002,
       3.98903251e-001, 3.12902704e-002, 2.07742285e-002,
       3.36844660e-002, 2.44922843e-002, 0., 0., 0., 0., 4.63337213e-001,
       -9.45912600e-002, 4.76760030e-001, 9.68284085e-002,
       -9.57286265e-003, 1.15696434e-002, 3.39409672e-002,
       1.78911705e-002, 7.26505474e-004, 4.76508494e-003,
       6.17909851e-003, 1.03642447e-002, 0., 0., 0., 0., 6.65000379e-002,
       -6.14068098e-003, 6.65000379e-002, 1.83170158e-002,
       1.32227992e-003, -9.75476205e-003, 1.13708721e-002,
       1.47233643e-002, -3.80968151e-004, -9.71048314e-004,
       6.12162927e-004, 1.26701302e-003, 0., 0., 0., 0., 3.86466421e-002,
       -1.50037874e-002, 3.86466421e-002, 1.50037874e-002,
       2.95765698e-002, -8.94697197e-003, 4.10542078e-002,
       1.07540451e-002, 6.29016198e-004, -6.23697269e-005,
       6.32421172e-004, 1.99846647e-004, 0., 0., 0., 0., 3.79824010e-003,
       -3.79824010e-003, 3.79824010e-003, 3.79824010e-003,
       4.48086143e-001, -8.23598430e-002, 4.95534480e-001,
       1.12563916e-001, 2.19849357e-003, 1.53475659e-004,
       2.19849357e-003, 8.85029265e-004, 9.99316853e-003,
       2.20338069e-002, 9.99316853e-003, 2.20338069e-002,
       1.50596708e-001, 3.68749142e-001, 1.59855664e-001,
       3.84118140e-001, 2.22650722e-001, 1.83833107e-001,
       2.69544363e-001, 1.97019652e-001, 1.27550657e-003,
       1.99758098e-003, 1.57246378e-003, 2.06573773e-003,
       2.85210647e-003, 6.01534033e-003, 3.27455206e-003,
       6.72154687e-003, -2.43135379e-003, -3.47435451e-003,
       2.54544429e-003, 3.52347968e-003, -9.83442762e-004,
       -7.57518501e-005, 1.94013608e-003, 2.37754127e-003,
       -1.89186027e-003, -2.08291365e-003, 2.38668802e-003,
       3.05145606e-003, 0., 0., 0., 0., 0., 0., 0., 0., 6.82938024e-002,
       -7.86180608e-003, 8.42007399e-002, 1.30801601e-002,
       -1.59037467e-002, 5.36765321e-004, 1.59037467e-002,
       1.01294217e-003, 0., 0., 0., 0., 0., 0., 0., 0., 3.70376259e-001,
       -7.16191754e-002, 5.70470035e-001, 7.16191754e-002,
       -6.91163838e-002, -7.09407451e-003, 6.91163838e-002,
       7.09407451e-003, 0., 0., 0., 0., 1.71570376e-001, 3.19632441e-001,
       1.80087522e-001, 3.38974476e-001, 4.86948751e-002,
       1.96050182e-001, 3.46528798e-001, 2.40348980e-001,
       -2.76790597e-002, 1.85423344e-002, 2.76790597e-002,
       2.80913915e-002, 0., 0., 0., 0., 4.26427275e-002,
