%YAML:1.0
img: !!opencv-matrix
   rows: 67
   cols: 64
   dt: f
   data: [ 2.82308556e-005, 2.19757072e-004, 4.47222701e-005,
       2.19757072e-004, -1.51161465e-003, -1.12736388e-003,
       1.67472835e-003, 1.26716599e-003, -1.37440205e-004,
       -5.31450845e-004, 7.43878307e-004, 6.48255518e-004,
       -2.26217191e-004, -3.46865359e-004, 2.67281139e-004,
       3.78744793e-004, 8.06823955e-004, 2.13830848e-003,
       8.65360082e-004, 2.48850766e-003, -1.73750997e-001,
       -1.78701475e-001, 2.73234546e-001, 2.12733001e-001,
       1.50501892e-001, -1.72611982e-001, 1.77480325e-001,
       1.90227464e-001, 1.43114768e-003, 1.30921858e-003,
       2.24490021e-003, 1.87179586e-003, 1.17682014e-003,
       2.69197219e-004, 1.26534957e-003, 3.68612236e-004,
       -3.89550775e-001, 2.61212848e-002, 3.99345875e-001,
       5.69885001e-002, 3.92546743e-001, 5.89849614e-002,
       4.35966879e-001, 1.42630547e-001, 2.01976416e-003,
       1.20709126e-003, 3.00364126e-003, 2.16171518e-003,
       1.27400808e-005, 2.45217743e-005, 5.73418474e-005,
       1.23566278e-004, -6.02577403e-002, 1.18896794e-002,
       6.20070882e-002, 1.20695084e-002, 2.82166991e-002,
       -5.00759743e-002, 2.82308348e-002, 5.00901118e-002,
       -2.77915224e-003, -1.09101385e-002, 4.19536699e-003,
       1.09101385e-002, 0., 0., 0., 0., 0., 0., 0., 0., 0., 0., 0., 0.,
       0., 0., 0., 0., 0., 0., 0., 0., 2.07570359e-001, 2.30276719e-001,
       2.07570359e-001, 2.30276719e-001, -1.89060032e-001,
       3.56254816e-001, 1.89060032e-001, 3.56254816e-001,
       5.01807081e-003, 1.45621644e-002, 5.80348913e-003,
       1.45621644e-002, 0., 0., 0., 0., 4.42371249e-001,
       -8.69891569e-002, 4.42371249e-001, 8.81590173e-002,
       -1.19661212e-001, 9.48203132e-002, 1.32244140e-001,
       1.29458740e-001, 3.86850350e-002, 5.19572385e-002,
       4.07413132e-002, 5.41743115e-002, 0., 0., 0., 0., 6.33750930e-002,
       2.03815140e-002, 6.35074750e-002, 2.05992833e-002,
       -1.52874924e-003, 2.74529215e-004, 1.75135618e-003,
       1.29028643e-003, -1.30491331e-004, -1.66854617e-004,
       1.61366072e-004, 1.66854617e-004, 2.69028358e-004,
       -7.75710738e-004, 2.69028358e-004, 7.75710738e-004,
       5.93514964e-002, -7.59681500e-003, 6.04327954e-002,
       1.76037140e-002, -4.06333953e-002, 3.29607204e-002,
       6.42076358e-002, 3.90529484e-002, 7.29020266e-003,
       1.13637010e-002, 7.43202399e-003, 1.14760362e-002, 0., 0., 0., 0.,
       4.36543256e-001, 6.64620027e-002, 4.56171960e-001,
       9.71831307e-002, -2.29268625e-001, -1.59478188e-001,
       2.80432373e-001, 2.84006476e-001, -1.94467790e-002,
       -4.58884388e-002, 1.96525492e-002, 4.60942090e-002, 0., 0., 0.,
       0., 1.57399938e-001, -2.22027615e-001, 1.57399938e-001,
       2.42972612e-001, -1.59278587e-001, -2.30994567e-001,
       1.97268575e-001, 2.30994567e-001, 0., 0., 0., 0., 0., 0., 0., 0.,
       0., 0., 0., 0., 0., 0., 0., 0., 0., 0., 0., 0., 3.17113881e-005,
       2.11044007e-005, 7.04544946e-005, 7.50565014e-005,
       2.19290945e-004, 1.77559804e-003, 8.31230893e-004,
       1.84081285e-003, -2.48902082e-003, -9.49474983e-004,
       4.27512778e-003, 3.68020078e-003, -2.75320257e-004,
       -4.19724383e-004, 5.08871512e-004, 4.79577750e-004,
       -1.62994694e-002, -5.84942363e-002, 1.65862069e-002,
       5.99725172e-002, 1.18941568e-001, -9.39501598e-002,
       3.08587551e-001, 4.79159236e-001, 7.24036992e-002,
       1.23466305e-001, 1.51016697e-001, 5.01053929e-001,
       7.50876265e-004, -1.14770979e-003, 1.39980949e-003,
       1.66678044e-003, 0., 0., 0., 0., 3.95478398e-001,
       -6.74271509e-002, 4.13295031e-001, 9.71186236e-002,
       -1.00567760e-002, 1.62546821e-002, 2.16452368e-002,
       3.09284348e-002, -1.12414581e-003, 1.06856297e-003,
       2.98797269e-003, 3.69465561e-003, 0., 0., 0., 0., 5.57537228e-002,
       -1.82727166e-002, 5.57537228e-002, 1.90526173e-002,
       1.10493414e-002, -2.32902681e-003, 1.30417449e-002,
       4.83228639e-003, -9.51003109e-004, 1.36732298e-004,
       9.51548922e-004, 2.54238723e-004, 0., 0., 0., 0., 5.54028675e-002,
       -2.70514134e-002, 5.85267879e-002, 3.07251010e-002,
       -1.41342648e-003, 4.51441808e-003, 1.52246596e-003,
       4.68109781e-003, -7.62701166e-005, 1.97305329e-004,
       1.35867784e-004, 2.58724380e-004, 0., 0., 0., 0., 1.54424638e-001,
       -1.47904336e-001, 1.54424638e-001, 1.47904336e-001,
       3.67191702e-001, -2.12374806e-001, 3.80465150e-001,
       2.28781983e-001, -1.10467523e-003, 7.22671510e-004,
       2.44082999e-003, 3.34660988e-003, 0., 0., 0., 0., 6.63245469e-002,
       1.55971926e-002, 6.63245469e-002, 2.61506699e-002,
       4.53598320e-001, 1.76185608e-001, 4.77118433e-001,
       2.01005533e-001, -2.38255295e-003, -1.81883178e-003,
       2.45113322e-003, 2.38763471e-003, 0., 0., 0., 0., 5.72751388e-002,
       1.36460997e-002, 5.72751388e-002, 2.08607242e-002,
       2.11110897e-002, 8.26157164e-003, 2.52773240e-002,
       1.92671902e-002, -4.24764410e-004, 1.10774825e-004,
       4.24764410e-004, 2.43637172e-004, 0., 0., 0., 0., 0., 0., 0., 0.,
       0., 0., 0., 0., 1.64807352e-004, 4.99112997e-004, 3.18678300e-004,
       4.99112997e-004, 0., 0., 0., 0., 2.10681319e-001, 2.04406038e-001,
       2.10681319e-001, 2.04406038e-001, 1.28086746e-001,
       3.83708775e-001, 1.28876120e-001, 4.14039105e-001,
       -2.65577738e-003, 3.72733101e-002, 4.05684859e-002,
       4.58321981e-002, 0., 0., 0., 0., 4.66809064e-001,
       -1.14262067e-001, 4.66809064e-001, 1.14262067e-001,
       -3.61089385e-003, -1.18551850e-002, 1.15652643e-002,
       1.94314234e-002, -1.38153706e-003, -1.59725838e-004,
       7.60683976e-003, 3.85345216e-003, 0., 0., 0., 0., 6.23819344e-002,
       -2.76260171e-003, 6.23819344e-002, 9.25802998e-003,
       7.96041358e-003, -2.66069779e-004, 1.34536475e-002,
       7.05157127e-003, 3.47851368e-004, 7.17118601e-005,
       5.36344713e-004, 2.65499169e-004, 0., 0., 0., 0., 7.56580755e-002,
       -5.28677413e-003, 7.56580755e-002, 5.50237065e-003,
       -2.10135779e-003, 3.31789278e-003, 3.33162863e-003,
       4.23659105e-003, -4.64097306e-004, -9.44567553e-004,
       9.55651922e-004, 2.00943090e-003, 0., 0., 0., 0., 1.63860530e-001,
       -8.16076472e-002, 1.63860530e-001, 8.16076472e-002,
       3.80739510e-001, -1.90701023e-001, 3.99653226e-001,
       2.21033856e-001, -4.35567973e-003, 5.12814382e-003,
       6.66367076e-003, 7.41842855e-003, 0., 0., 0., 0., 8.94809589e-002,
       4.26115766e-002, 8.94809589e-002, 4.26115766e-002,
       4.51447994e-001, 1.85831130e-001, 4.74559814e-001,
       2.00083837e-001, -1.37017923e-003, -3.04451352e-003,
       3.16204177e-003, 3.16236052e-003, 0., 0., 0., 0., 5.14627732e-002,
       -1.11385649e-002, 5.14627732e-002, 1.48963090e-002,
       2.96526924e-002, -1.07084103e-002, 3.43836062e-002,
       1.71822496e-002, -3.04701040e-004, 1.22549915e-004,
       4.77768685e-004, 1.99822141e-004, 9.09777100e-006,
       -4.85161854e-006, 9.09777100e-006, 4.85161854e-006,
       6.34693056e-002, -2.53034048e-002, 6.36489689e-002,
       5.25103025e-002, -2.61311373e-003, 2.85125774e-004,
       2.61311373e-003, 1.75882620e-003, -1.54085123e-004,
       1.43028417e-004, 1.66970436e-004, 1.43028417e-004, 0., 0., 0., 0.,
       2.58231133e-001, -1.28047377e-001, 2.58231133e-001,
       1.28047377e-001, 2.24653602e-001, -2.28053898e-001,
       2.50505835e-001, 2.55796403e-001, -1.98530499e-004,
       1.29975844e-003, 7.93330022e-004, 2.04210938e-003, 0., 0., 0., 0.,
       0., 0., 0., 0., 4.88366693e-001, 8.82155970e-002, 5.38805068e-001,
       1.98778346e-001, -2.80843396e-002, -4.19944562e-002,
       2.87662800e-002, 4.41659614e-002, 0., 0., 0., 0., 0., 0., 0., 0.,
       1.21983569e-002, -6.60235658e-002, 3.70277166e-002,
       6.60235658e-002, -5.86541719e-004, -6.53283729e-004,
       5.86541719e-004, 6.53283729e-004, 0., 0., 0., 0., 1.61810815e-002,
