%YAML:1.0
img: !!opencv-matrix
   rows: 61
   cols: 64
   dt: f
   data: [ 0., 0., 0., 0., 5.99377193e-002, 1.47039201e-002,
       5.99377193e-002, 1.47039201e-002, -2.95159612e-002,
       -7.55561609e-003, 3.87608595e-002, 1.40961185e-002,
       -3.19177634e-004, -4.62467055e-004, 4.42886696e-004,
       4.62467055e-004, 0., 0., 0., 0., 4.17095006e-001, 5.14910929e-002,
       4.18593824e-001, 5.14910929e-002, -3.59910488e-001,
       -1.19994424e-001, 3.61196429e-001, 1.22778960e-001, 0., 0., 0.,
       0., 0., 0., 0., 0., 2.28994206e-001, -1.79423183e-001,
       2.32608438e-001, 1.79423183e-001, -2.37360090e-001,
       -1.76322013e-001, 2.37360090e-001, 1.76322013e-001, 0., 0., 0.,
       0., 0., 0., 0., 0., 0., 0., 0., 0., 0., 0., 0., 0., 0., 0., 0.,
       0., -7.26426777e-004, -1.57125723e-002, 7.26426777e-004,
       1.58081688e-002, 9.21142288e-003, -3.15279774e-002,
       1.16966749e-002, 3.41440327e-002, -3.03102960e-003,
       -5.41577581e-004, 3.03102960e-003, 1.58103288e-003,
       -3.34504788e-004, -2.16698943e-004, 3.34504788e-004,
       2.44155788e-004, -4.24931175e-004, -3.77001893e-003,
       4.24931175e-004, 3.77001893e-003, 4.11684841e-001,
       -5.71158901e-002, 4.11684841e-001, 4.08396065e-001,
       -3.66497040e-003, 1.50769157e-002, 9.00524259e-002,
       5.31423502e-002, -1.05409045e-003, 1.39974966e-003,
       1.12917973e-003, 3.90085694e-003, 0., 0., 0., 0., 2.63789207e-001,
       -1.34368986e-001, 2.63789207e-001, 1.37874633e-001,
       -7.49616791e-003, -3.77611339e-001, 5.55739067e-002,
       3.85161638e-001, -9.42054763e-003, -5.44076003e-002,
       9.42054763e-003, 5.83264641e-002, 0., 0., 0., 0., 0., 0., 0., 0.,
       0., 0., 0., 0., 0., 0., 0., 0., 0., 0., 0., 0., 0., 0., 0., 0.,
       5.42868935e-002, -1.43722082e-002, 5.47539927e-002,
       1.43722082e-002, -1.23094930e-003, 1.87136156e-005,
       1.64632266e-003, 7.07328552e-004, 0., 0., 0., 0., 2.27795094e-001,
       1.84379861e-001, 2.27795094e-001, 1.92574143e-001,
       1.67236313e-001, 3.27675492e-001, 3.28042865e-001,
       3.37803811e-001, 7.38191244e-004, -2.03755754e-003,
       3.07013537e-003, 2.84079113e-003, 0., 0., 0., 0., 4.60359246e-001,
       -1.07109942e-001, 4.60359246e-001, 1.07109942e-001,
       -1.35371760e-002, -5.61713390e-002, 4.15411517e-002,
       5.61713390e-002, 3.18276766e-003, -3.54705402e-003,
       3.18276766e-003, 3.57743143e-003, 0., 0., 0., 0., 1.57586634e-002,
       -9.99245886e-003, 1.57586634e-002, 9.99245886e-003,
       4.98530604e-002, -1.73216388e-002, 5.29812053e-002,
       1.81641225e-002, 5.93341538e-005, -1.78943010e-004,
       3.31117160e-004, 1.87697646e-004, 0., 0., 0., 0., 1.54181169e-002,
       -8.83612875e-003, 1.54181169e-002, 8.83612875e-003,
       5.27113378e-002, -2.70201247e-002, 5.43652736e-002,
       2.72855274e-002, 3.69379586e-006, -2.22493996e-004,
       9.10917443e-005, 2.22493996e-004, 0., 0., 0., 0., 0., 0., 0., 0.,
       4.23935741e-001, -2.46915631e-002, 4.35092926e-001,
       5.18212020e-002, -3.60012637e-004, -8.96239362e-004,
       9.07216221e-004, 1.15930394e-003, 2.58012190e-002,
       8.75446945e-003, 2.58012190e-002, 1.31583260e-002,
       2.77929772e-002, 4.13617045e-001, 2.91282773e-001,
       4.26617414e-001, 2.17549145e-001, 1.67017639e-001,
       2.50543654e-001, 2.00057745e-001, -1.44463760e-004,
       -2.18502502e-003, 9.91115929e-004, 2.18502502e-003,
       4.48322343e-003, -2.49193888e-003, 4.48322343e-003,
       2.49193888e-003, 2.03382857e-002, -1.27288634e-002,
       2.51265820e-002, 1.29043786e-002, -3.15739331e-003,
       -6.08966872e-003, 3.67523776e-003, 6.16357662e-003,
       1.88309306e-004, -3.37131089e-004, 1.89378334e-004,
       3.40233149e-004, 0., 0., 0., 0., 2.76027452e-002,
       -1.66770723e-002, 2.76027452e-002, 1.66770723e-002,
       4.40855771e-002, -1.99242197e-002, 4.61497605e-002,
       1.99518502e-002, 9.82919155e-005, -2.05696546e-004,
       3.24493623e-004, 3.27195768e-004, 0., 0., 0., 0., 3.59455153e-004,
       -3.59455153e-004, 3.59455153e-004, 3.59455153e-004,
       4.44475323e-001, -5.80742843e-002, 4.54233766e-001,
       8.59177336e-002, 2.46547104e-004, -1.59217208e-003,
       9.76797077e-004, 1.59217208e-003, 1.18962501e-003,
       2.02485186e-004, 1.18962501e-003, 9.27810674e-004,
       9.43039060e-002, 3.78664970e-001, 2.71105856e-001,
       4.03983921e-001, 2.32601047e-001, 1.62363157e-001,
       2.60457575e-001, 1.93542346e-001, 6.36781566e-004,
       -2.05561309e-003, 8.69663840e-004, 2.05561309e-003, 0., 0., 0.,
       0., 3.57057452e-002, -1.72982216e-002, 4.11175378e-002,
       1.74880922e-002, -2.19542300e-003, -5.38813742e-003,
       3.36693809e-003, 5.52927377e-003, 1.45981874e-004,
       -3.81420337e-004, 1.51727058e-004, 3.81420337e-004, 0., 0., 0.,
       0., 0., 0., 0., 0., 6.28768951e-002, -6.83195703e-003,
       6.32774830e-002, 6.83195703e-003, -6.88179582e-003,
       5.72824028e-005, 7.50287343e-003, 1.35291321e-003, 0., 0., 0., 0.,
       2.73422569e-001, 1.75288096e-001, 2.73422569e-001,
       1.75288096e-001, 1.83241263e-001, 2.79258221e-001,
       3.09074223e-001, 3.02794129e-001, -3.82283852e-002,
       -1.88629760e-003, 4.65243421e-002, 5.97897312e-003, 0., 0., 0.,
       0., 4.71596837e-001, -8.71547684e-002, 4.71596837e-001,
       8.71547684e-002, 1.10317152e-002, -3.43484022e-002,
       3.70089896e-002, 3.43484022e-002, -4.60596308e-002,
       -9.14206449e-003, 5.56076802e-002, 9.47233010e-003, 0., 0., 0.,
       0., 6.70407265e-002, -2.91811791e-003, 6.70407265e-002,
       3.25643434e-003, 4.22799448e-003, -2.24023912e-004,
       5.29851252e-003, 2.15917779e-003, -7.70376483e-003,
       -4.40761563e-004, 8.78767483e-003, 7.18323630e-004, 0., 0., 0.,
       0., 2.93457452e-002, -9.74567514e-003, 2.93457452e-002,
       9.74567514e-003, 4.84610125e-002, -1.03801237e-002,
       5.07816821e-002, 1.05069941e-002, -1.19147617e-002,
       4.11180547e-003, 1.19147617e-002, 4.11180547e-003, 0., 0., 0., 0.,
       2.49677827e-003, -2.12534005e-003, 2.49677827e-003,
       2.12534005e-003, 4.82597440e-001, -9.61400270e-002,
       4.89730448e-001, 1.09620206e-001, -3.85443866e-002,
       7.99832866e-003, 4.40992229e-002, 1.13002565e-002, 0., 0., 0., 0.,
       1.49269760e-001, 2.79995888e-001, 2.91600645e-001,
       3.21127892e-001, 2.58598179e-001, 1.46566182e-001,
       2.72491246e-001, 1.89331695e-001, -1.69990398e-002,
       5.42932306e-004, 2.51910612e-002, 5.07901283e-003, 0., 0., 0., 0.,
       5.13263121e-002, -2.02418566e-002, 5.69823012e-002,
       2.02418566e-002, 2.21835147e-003, -3.28205596e-003,
       3.05831013e-003, 3.29066184e-003, -1.84676691e-003,
       -3.89954686e-004, 3.02954577e-003, 6.40379963e-004, 0., 0., 0.,
       0., 4.86434475e-002, -1.36263268e-002, 4.86434475e-002,
       1.36263268e-002, 3.01745683e-002, -8.77257623e-003,
       3.59276868e-002, 1.07130772e-002, -7.44966499e-004,
       6.26728943e-005, 1.24874164e-003, 3.35014862e-004, 0., 0., 0., 0.,
       1.36831468e-002, -8.97089858e-003, 1.36831468e-002,
       8.97089858e-003, 5.07478893e-001, -1.32338881e-001,
       5.41290760e-001, 1.38993949e-001, -3.71065980e-004,
       -1.14695239e-003, 1.86309067e-003, 1.77552691e-003, 0., 0., 0.,
       0., 2.79274136e-001, 1.52531341e-001, 2.79274136e-001,
       1.52531341e-001, 2.18459621e-001, 1.89154580e-001,
       2.53144860e-001, 2.10429236e-001, 1.97776663e-003,
       -1.24017580e-003, 1.97776663e-003, 1.58362731e-003, 0., 0., 0.,
       0., 6.85122013e-002, 1.13834813e-002, 7.17661232e-002,
       1.32678449e-002, -2.19805958e-003, -3.87672125e-003,
       3.09685315e-003, 3.98921967e-003, 3.04806541e-004,
       -2.15505876e-004, 3.95465642e-004, 2.19849288e-004, 0., 0., 0.,
       0., 1.22580118e-002, -3.84073006e-003, 1.22580118e-002,
       5.19607682e-003, 1.61594842e-002, 1.45346373e-002,
       1.10272959e-001, 3.59378792e-002, 0., 0., 0., 0., 0., 0., 0., 0.,
