%YAML:1.0
img: !!opencv-matrix
   rows: 64
   cols: 64
   dt: f
   data: [ 0., 0., 0., 0., 0., 0., 0., 0., 0., 0., 0., 0., 0., 0., 0.,
       0., 0., 0., 0., 0., 2.09014431e-001, 1.94123596e-001,
       2.09014431e-001, 2.15497941e-001, -2.14307621e-001,
       2.33417436e-001, 2.14307621e-001, 2.33417436e-001, 0., 0., 0., 0.,
       0., 0., 0., 0., 4.37793255e-001, -6.56755716e-002,
       4.40626144e-001, 6.56755716e-002, -2.86649108e-001,
       1.67244881e-001, 2.87518233e-001, 1.77546874e-001,
       -4.98627406e-003, 3.94035829e-003, 4.98627406e-003,
       3.94035829e-003, 0., 0., 0., 0., 6.27710372e-002,
       -1.47923315e-002, 6.27710372e-002, 1.47923315e-002,
       2.37589746e-004, -3.38704675e-004, 1.05810296e-002,
       5.43209026e-003, -1.24608492e-002, 5.42925904e-003,
       1.24837821e-002, 5.44454763e-003, 0., 0., 0., 0., 0., 0., 0., 0.,
       0., 0., 0., 0., 0., 0., 0., 0., 0., 0., 0., 0., 1.60382852e-001,
       2.76837766e-001, 1.60382852e-001, 2.76837766e-001,
       -1.47287548e-001, 2.98498213e-001, 2.28111833e-001,
       2.98498213e-001, 0., 0., 0., 0., 0., 0., 0., 0., 4.22640175e-001,
       -6.90778419e-002, 4.53953922e-001, 7.12282807e-002,
       -2.13518679e-001, 1.42945468e-001, 2.20638752e-001,
       1.51498288e-001, -2.31924150e-002, 1.54161761e-002,
       2.31924150e-002, 1.54161761e-002, 0., 0., 0., 0., 6.60901815e-002,
       -1.74240712e-002, 6.60901815e-002, 1.74240712e-002,
       -2.07487540e-003, -1.40570267e-003, 2.94594211e-003,
       1.76413066e-003, -9.49877780e-003, 4.70088376e-003,
       9.83456708e-003, 4.81246784e-003, 3.24532448e-004,
       -6.06188783e-004, 9.62483347e-004, 1.64765690e-003,
       -1.18760078e-003, 2.23449155e-004, 1.38950383e-003,
       1.33549666e-003, -7.03061523e-004, 4.25637088e-004,
       1.27305184e-003, 2.66419980e-003, 1.92523628e-004,
       4.05601400e-004, 2.40302659e-004, 4.94995387e-004,
       1.65468771e-002, -3.58174630e-002, 1.65468771e-002,
       3.58174630e-002, 9.78472903e-002, -3.90535504e-001,
       1.03248395e-001, 4.08358902e-001, 1.74903989e-001,
       -1.78593427e-001, 1.98252112e-001, 3.41487497e-001,
       -2.23229453e-003, -8.41912173e-004, 2.41552270e-003,
       1.84140250e-003, 0., 0., 0., 0., 0., 0., 0., 0., 4.44006324e-001,
       5.59948087e-002, 4.73344982e-001, 7.72880465e-002,
       6.00453641e-004, 1.89844857e-003, 1.73528621e-003,
       1.89844857e-003, 0., 0., 0., 0., 0., 0., 0., 0., 6.31622002e-002,
       -1.30715165e-002, 6.51858151e-002, 1.45678259e-002,
       2.85138725e-004, 2.23968440e-004, 3.02163331e-004,
       2.50279089e-004, 5.57797123e-003, -9.87652317e-003,
       5.73189650e-003, 1.02085005e-002, -3.30160698e-003,
       4.56387131e-003, 5.89468237e-003, 7.65769603e-003,
       -3.88925732e-003, 1.78913139e-002, 5.87831438e-003,
       2.76732929e-002, 6.83022314e-004, 1.98629708e-003,
       9.37098812e-004, 2.83346861e-003, 6.13517314e-003,
       -1.06830001e-002, 6.13517314e-003, 1.06830001e-002,
       1.77565187e-001, -3.52236062e-001, 1.82768598e-001,
       3.58412683e-001, 1.87942162e-001, -1.87981695e-001,
       2.09034026e-001, 3.05534780e-001, -4.76948684e-004,
       5.61665802e-004, 1.69527403e-003, 3.03211575e-003, 0., 0., 0., 0.,
       0., 0., 0., 0., 4.60547566e-001, 7.41787031e-002, 4.84441012e-001,
       9.77743343e-002, -1.36876255e-002, -6.89956872e-003,
       1.97398327e-002, 1.38102146e-002, 0., 0., 0., 0., 0., 0., 0., 0.,
       6.91616833e-002, -3.52649833e-003, 7.32738972e-002,
       7.10966950e-003, -6.50135893e-003, 3.00827902e-004,
       7.14223599e-003, 8.87284637e-004, 0., 0., 0., 0., 3.02531268e-003,
       3.02531268e-003, 3.02531268e-003, 3.02531268e-003,
       -1.28539116e-003, 3.10185496e-002, 1.56556275e-002,
       3.10185496e-002, 0., 0., 0., 0., 0., 0., 0., 0., 4.04987842e-001,
       1.60709575e-001, 4.04987842e-001, 1.81716770e-001,
       6.88345134e-002, 2.20768780e-001, 2.04640731e-001,
       2.45399892e-001, -1.24522820e-002, 5.19606210e-002,
       1.35721844e-002, 5.48013002e-002, 0., 0., 0., 0., 4.01601791e-001,
       -1.50752380e-001, 4.01601791e-001, 1.93237409e-001,
       1.38633266e-001, -4.76828776e-002, 1.56498715e-001,
       7.50477165e-002, -3.00015323e-004, -9.15305514e-004,
       8.88857117e-004, 1.17460394e-003, 0., 0., 0., 0., 4.30855853e-003,
       -5.06488699e-003, 4.30855853e-003, 5.06488699e-003,
       6.85740337e-002, -5.00882119e-002, 7.08860531e-002,
       5.20886369e-002, 2.64130271e-004, -6.34452736e-004,
       9.41394945e-004, 1.11790537e-003, 0., 0., 0., 0., 0., 0., 0., 0.,
       1.57967582e-003, 1.18710632e-002, 6.65587047e-003,
       1.18710632e-002, 2.86899041e-004, 8.13719002e-004,
       4.93990432e-004, 8.13719002e-004, 0., 0., 0., 0., 2.67901719e-001,
       1.42419547e-001, 2.67901719e-001, 2.02396035e-001,
       5.50816618e-002, 3.01647365e-001, 3.22010845e-001,
       4.43608075e-001, 2.20244154e-002, 3.88734266e-002,
       2.90478654e-002, 4.11347710e-002, 0., 0., 0., 0., 3.78919452e-001,
       1.43532036e-002, 3.94852996e-001, 1.84582084e-001,
       8.89138952e-002, -8.45329091e-003, 1.77037477e-001,
       1.13686554e-001, -1.53037126e-003, -3.59533733e-004,
       1.53037126e-003, 6.77963195e-004, 1.46048886e-004,
       6.22375883e-005, 1.46048886e-004, 1.29286636e-004,
       6.13344610e-002, -4.82389238e-003, 6.61700293e-002,
       3.84056121e-002, 2.67670723e-003, 2.84662563e-003,
       5.80339599e-003, 1.18504558e-002, -1.64315294e-004,
       -2.59124266e-004, 3.12019460e-004, 4.57104295e-004,
       4.78582596e-003, -1.37583481e-003, 4.78582596e-003,
       2.67519034e-003, -1.47145139e-002, 3.91151570e-002,
       5.26614748e-002, 6.78375810e-002, -2.55600717e-002,
       2.19297446e-002, 2.55600717e-002, 2.19297446e-002, 0., 0., 0., 0.,
       4.52892091e-005, -4.52892091e-005, 4.52892091e-005,
       4.52892091e-005, 1.77420780e-001, -2.52773166e-001,
       1.79575458e-001, 2.52773166e-001, -3.45380567e-002,
       4.91058677e-002, 4.88913089e-001, 4.29314256e-001,
       1.28051545e-002, 5.96790276e-002, 1.28051545e-002,
       5.96934669e-002, 0., 0., 0., 0., 0., 0., 0., 0., 3.10970932e-001,
       7.17236800e-003, 4.82664764e-001, 1.19764663e-001,
       -2.91405059e-002, -5.65284304e-002, 2.94768177e-002,
       5.65284304e-002, 0., 0., 0., 0., 0., 0., 0., 0., 1.44137191e-002,
       -1.97945610e-002, 9.36449468e-002, 3.31065916e-002, 0., 0., 0.,
       0., 0., 0., 0., 0., 6.87142760e-002, -1.28943771e-002,
       6.87142760e-002, 1.67831369e-002, -3.22756241e-003,
       7.30789907e-004, 3.22756241e-003, 7.78568967e-004,
       9.49696096e-006, 6.31153016e-005, 3.50048394e-005,
       1.28230546e-004, 0., 0., 0., 0., 4.51911926e-001, 1.03779390e-001,
       4.51911926e-001, 2.33544037e-001, 1.60751212e-002,
       7.49232154e-003, 4.59523164e-002, 3.09553966e-002,
       -1.23881109e-005, 1.26515015e-003, 6.55878917e-004,
       1.26515015e-003, 0., 0., 0., 0., 4.57329780e-001,
       -6.70336038e-002, 4.57329780e-001, 2.57263511e-001,
       9.32329334e-003, -2.59430930e-002, 9.31474939e-002,
       7.21893311e-002, 4.90750426e-006, 7.07720581e-004,
       5.19457739e-004, 9.47372871e-004, 0., 0., 0., 0., 3.84904109e-002,
       -3.39669250e-002, 4.21006680e-002, 4.70152274e-002,
       2.16870829e-002, -1.29377479e-002, 3.21464576e-002,
       3.17337960e-002, 7.79430382e-004, -1.42752309e-003,
       2.35044444e-003, 2.00133282e-003, 0., 0., 0., 0., 0., 0., 0., 0.,
       6.88744411e-002, 3.22934502e-004, 7.14162067e-002,
       1.46993101e-002, -1.98502545e-004, -2.23270695e-006,
       2.02013951e-004, 1.60780855e-005, 0., 0., 0., 0., 1.96805466e-002,
       -1.24196033e-003, 1.96805466e-002, 1.15816100e-002,
       4.37856942e-001, -1.27508149e-001, 4.54441518e-001,
       1.54172182e-001, -1.12983119e-003, 2.27547120e-004,
       1.17814355e-003, 1.33620144e-003, 0., 0., 0., 0., 5.26989438e-003,
       7.21324643e-004, 5.26989438e-003, 5.26989438e-003,
