%YAML:1.0
img: !!opencv-matrix
   rows: 30
   cols: 64
   dt: f
   data: [ 0., 0., 0., 0., 0., 0., 0., 0., 6.28741756e-002,
       3.09150238e-002, 6.41892403e-002, 3.16448174e-002,
       -4.00998688e-004, -1.19291777e-004, 4.30721819e-004,
       1.50113672e-004, 0., 0., 0., 0., 6.78612269e-004,
       -9.28860609e-005, 6.78612269e-004, 6.78612269e-004,
       4.77739394e-001, -1.29091144e-001, 4.94572937e-001,
       1.83778599e-001, -2.27265293e-003, -1.38430379e-003,
       2.27265293e-003, 1.85656978e-003, 3.65950470e-003,
       1.04623288e-002, 3.65950470e-003, 1.04623288e-002,
       1.87119782e-001, 3.12686622e-001, 1.89923882e-001,
       3.15490723e-001, 2.04130903e-001, 2.06094906e-001,
       2.34562606e-001, 2.41832316e-001, -1.29257911e-003,
       -3.80390300e-003, 1.29257911e-003, 3.95211391e-003,
       2.22522579e-003, 1.19343624e-002, 2.43215775e-003,
       1.24731697e-002, -8.11994832e-004, 1.11545529e-003,
       4.59882757e-003, 4.06410219e-003, -1.89312897e-003,
       8.82685708e-004, 1.89312897e-003, 8.82685708e-004,
       -1.67762293e-004, 1.14247523e-004, 1.68360290e-004,
       1.14247523e-004, 0., 0., 0., 0., 4.24785130e-002, 7.00962124e-003,
       4.24785130e-002, 1.21513186e-002, 3.49867232e-002,
       7.71744363e-003, 3.66602316e-002, 1.60625912e-002,
       -1.74992660e-004, 7.33990528e-005, 1.74992660e-004,
       1.25889579e-004, 0., 0., 0., 0., 4.65990424e-001, 1.09428898e-001,
       4.65990424e-001, 1.31802514e-001, 4.03804481e-002,
       2.51270030e-002, 6.22864477e-002, 5.30895703e-002,
       -1.15348620e-003, 5.58012340e-004, 1.48265669e-003,
       6.76618831e-004, 0., 0., 0., 0., 3.13970000e-001,
       -1.88071191e-001, 3.13970000e-001, 1.88071191e-001,
       1.72557846e-001, -1.87561095e-001, 2.93624043e-001,
       3.05242300e-001, -7.65852106e-004, 7.16693758e-004,
       1.93067396e-003, 1.95021101e-003, 0., 0., 0., 0., 1.35518800e-004,
       -1.35518800e-004, 1.35518800e-004, 1.35518800e-004,
       4.56137545e-002, -4.23289537e-002, 5.05086184e-002,
       4.25999947e-002, -1.46807230e-003, -9.96278878e-003,
       3.29533848e-003, 1.02611221e-002, 0., 0., 0., 0., 8.04845095e-002,
       -9.55834705e-003, 8.04845095e-002, 1.08433068e-002,
       -3.66472197e-003, 7.98721332e-004, 4.19477699e-003,
       8.87361472e-004, -7.85864715e-004, -4.51983797e-004,
       8.50293378e-004, 4.94968263e-004, 0., 0., 0., 0., 2.76540160e-001,
       -1.12671562e-001, 2.76540160e-001, 1.12671562e-001,
       2.47152776e-001, -2.36324772e-001, 2.89082289e-001,
       2.46747628e-001, -2.63508130e-003, -1.87667916e-004,
       2.66140071e-003, 2.01355317e-003, 0., 0., 0., 0., 8.05713832e-002,
       6.09202385e-002, 8.05713832e-002, 6.09202385e-002,
       4.48390901e-001, 1.98849931e-001, 4.78123516e-001,
       1.99789762e-001, 1.87866710e-004, 3.63663631e-003,
       9.64295643e-004, 4.05714661e-003, 1.02068915e-003,
       1.19638222e-003, 1.02068915e-003, 1.19638222e-003,
       6.33098707e-002, 6.79636672e-002, 6.42238930e-002,
       6.84871599e-002, -1.62792706e-003, 1.47974608e-003,
       2.03310931e-003, 1.92217622e-003, -3.36072687e-003,
       -2.86448561e-003, 3.82858864e-003, 3.61701800e-003, 0., 0., 0.,
       0., 6.12186675e-004, 6.12186675e-004, 6.12186675e-004,
       6.12186675e-004, 7.36000389e-002, 4.56702225e-002,
       7.54470527e-002, 4.76875566e-002, -2.83522648e-004,
       -3.48332804e-004, 4.70174506e-004, 5.25160809e-004, 0., 0., 0.,
       0., 4.51043367e-001, 1.85230657e-001, 4.51043367e-001,
       1.85230657e-001, 8.06752294e-002, 3.63276266e-002,
       1.24169119e-001, 6.66301101e-002, -1.87844108e-003,
       -2.64444319e-003, 1.88966573e-003, 2.64444319e-003, 0., 0., 0.,
       0., 3.95169944e-001, -2.01066166e-001, 3.95169944e-001,
       2.01066166e-001, 1.36145011e-001, -7.33940080e-002,
       1.90101922e-001, 1.18090883e-001, -2.65198410e-003,
       3.17652314e-003, 2.78201187e-003, 3.17652314e-003, 0., 0., 0., 0.,
       0., 0., 0., 0., 6.99811205e-002, -4.35126647e-002,
       7.23662451e-002, 4.55743894e-002, 1.13584785e-004,
       6.94779228e-005, 5.21151058e-004, 9.12345306e-004, 0., 0., 0., 0.,
       0., 0., 0., 0., 6.01171516e-002, 6.55293986e-002, 6.06148392e-002,
       6.60270825e-002, 1.04015786e-003, 1.63785400e-004,
       1.58253254e-003, 1.40436832e-003, 0., 0., 0., 0., 4.30953294e-001,
       1.91896379e-001, 4.30953294e-001, 1.91896379e-001,
       1.09917827e-001, 6.15863241e-002, 1.54311225e-001,
       1.08090326e-001, -4.44485777e-004, -3.16157239e-003,
       7.06991006e-004, 3.16157239e-003, 0., 0., 0., 0., 4.04704124e-001,
       -1.97484538e-001, 4.04704124e-001, 1.97484538e-001,
       1.35969743e-001, -6.42182529e-002, 1.78179890e-001,
       1.11032590e-001, -2.54943752e-005, 3.76302912e-003,
       2.04962189e-003, 3.76302912e-003, 0., 0., 0., 0., 0., 0., 0., 0.,
       5.87040558e-002, -6.42493889e-002, 5.87040558e-002,
       6.49267137e-002, 1.30596722e-003, -3.73109686e-003,
       2.16886681e-003, 4.87348577e-003, 0., 0., 0., 0., 4.41029929e-002,
       -9.35426820e-003, 4.41029929e-002, 1.03603518e-002,
       3.43031026e-002, -8.68393853e-003, 4.12394069e-002,
       1.12886904e-002, -2.54806684e-004, 5.20397443e-004,
       4.58144292e-004, 5.66163799e-004, 0., 0., 0., 0., 1.14616692e-001,
       -2.23142896e-002, 1.14616692e-001, 4.25359756e-002,
       4.32294011e-001, -1.28432155e-001, 4.54048663e-001,
       1.69509992e-001, 2.28202349e-004, 1.33776397e-003,
       1.22201606e-003, 1.97867327e-003, 0., 0., 0., 0., 8.60955715e-002,
       3.58729213e-002, 8.60955715e-002, 3.58729213e-002,
       4.63202596e-001, 1.47067606e-001, 4.85313296e-001,
       1.54744461e-001, -1.85785699e-003, -1.23781548e-003,
       3.15344753e-003, 2.91740592e-003, 0., 0., 0., 0., 7.79761896e-002,
       1.79381873e-002, 7.79761896e-002, 1.79381873e-002,
       1.87320821e-003, 3.65250953e-003, 5.38327824e-003,
       4.04334953e-003, -3.39889503e-003, -8.28585704e-004,
       4.02615452e-003, 1.23783143e-003, 0., 0., 0., 0., 6.99876770e-002,
       -4.17762110e-003, 6.99876770e-002, 1.20612569e-002,
       9.53278225e-003, -1.74620491e-003, 1.61694251e-002,
       6.26378553e-003, -3.08779912e-004, 1.73455919e-004,
       3.51763912e-004, 3.57685494e-004, 0., 0., 0., 0., 4.64236110e-001,
       1.14965044e-001, 4.64236110e-001, 1.33431345e-001,
       8.09576586e-002, 2.37369221e-002, 1.18608996e-001,
       4.98005338e-002, -1.93484989e-003, 9.49440931e-004,
       2.22885283e-003, 2.21648137e-003, 0., 0., 0., 0., 4.66414005e-001,
       -1.24901354e-001, 4.66414005e-001, 1.25837237e-001,
       8.61950815e-002, -2.36840881e-002, 1.29212365e-001,
       4.81970645e-002, -2.07122095e-004, 2.05170503e-003,
       1.26264000e-003, 2.50640605e-003, 0., 0., 0., 0., 6.11537993e-002,
       3.02134994e-002, 6.12290390e-002, 3.02511193e-002,
       1.88770257e-002, 9.79176536e-003, 2.18402967e-002,
       1.12719899e-002, -8.36714316e-005, -2.34580821e-005,
       9.14318371e-005, 9.14318371e-005, 0., 0., 0., 0., 6.23836704e-002,
       8.82407743e-003, 6.23836704e-002, 1.22045120e-002,
       1.88612528e-002, 7.98779726e-003, 2.34607477e-002,
       1.10567790e-002, -1.11575835e-004, 3.09822033e-004,
       2.92128476e-004, 3.82610539e-004, 0., 0., 0., 0., 1.20988585e-001,
       -5.10718077e-002, 1.20988585e-001, 5.10718077e-002,
       4.36641723e-001, -1.45006880e-001, 4.51520562e-001,
       1.69751108e-001, -9.77296149e-004, 9.47231194e-004,
       1.49243767e-003, 9.47231194e-004, 0., 0., 0., 0., 1.14766315e-001,
       4.77486029e-002, 1.14766315e-001, 4.77486029e-002,
       4.48381722e-001, 1.51978180e-001, 4.66382384e-001,
       1.58012316e-001, -1.08612224e-003, -2.14750282e-004,
       1.28132815e-003, 4.06465173e-004, 0., 0., 0., 0., 8.14788714e-002,
       2.44047549e-002, 8.15548301e-002, 2.44047549e-002,
       -1.99109223e-003, 1.69769883e-005, 3.48347565e-003,
       1.72187376e-003, 1.47853658e-004, 9.11177558e-005,
