%YAML:1.0
img: !!opencv-matrix
   rows: 9
   cols: 64
   dt: f
   data: [ 0., 0., 0., 0., 1.10035874e-002, 1.16513893e-002,
       1.10035874e-002, 1.16513893e-002, -1.06153218e-002,
       1.71687920e-002, 1.08020166e-002, 1.71687920e-002, 0., 0., 0., 0.,
       0., 0., 0., 0., 2.74836570e-001, 1.21011876e-001, 2.89480060e-001,
       1.96529984e-001, -1.66064024e-001, 1.38248116e-001,
       4.75750238e-001, 3.61768246e-001, -6.77804230e-003,
       -2.55226111e-003, 3.45636830e-002, 4.34775278e-002, 0., 0., 0.,
       0., 2.50001252e-001, -1.71953052e-001, 2.50001252e-001,
       1.85281724e-001, 1.00617759e-001, 7.89578184e-002,
       2.79927522e-001, 2.79373974e-001, -4.27134745e-002,
       3.36223245e-002, 5.73713817e-002, 5.61190099e-002, 0., 0., 0., 0.,
       6.75474200e-003, -4.04245540e-004, 8.80838372e-003,
       7.20862066e-003, 4.72334772e-002, -3.77037115e-002,
       4.79537435e-002, 4.23466899e-002, -3.85947921e-003,
       -1.03049213e-003, 4.21135686e-003, 2.80784583e-003,
       4.74597473e-004, 4.74597473e-004, 4.74597473e-004,
       4.74597473e-004, 3.61771882e-002, 3.37851122e-002,
       3.87077890e-002, 3.37851122e-002, -1.17857382e-003,
       3.46082188e-002, 2.99226232e-002, 3.83080617e-002,
       -6.66534994e-003, -6.14852470e-004, 6.66534994e-003,
       2.35778978e-003, 4.62924968e-003, 1.50986100e-002,
       3.96563634e-002, 3.66237871e-002, 2.79988229e-001,
       5.23629971e-002, 3.70487541e-001, 2.79616445e-001,
       -1.54006973e-001, -2.65800627e-004, 2.04979479e-001,
       1.17440999e-001, -1.72555912e-002, -1.15230726e-003,
       2.17440836e-002, 1.68232247e-002, 1.00203825e-003,
       -1.82466079e-002, 5.10921441e-002, 3.58747207e-002,
       3.12377602e-001, -2.83780396e-002, 4.30147260e-001,
       2.90435225e-001, -2.91624099e-001, -1.08167365e-001,
       3.15220386e-001, 1.80317685e-001, 1.20211509e-003,
       -6.32428378e-003, 5.54028386e-003, 6.32428378e-003,
       5.93246834e-004, -5.93246834e-004, 5.93246834e-004,
       5.93246834e-004, 1.04334736e-002, -2.29118690e-002,
       6.34162575e-002, 2.79519446e-002, -2.06650831e-002,
       -4.29243445e-002, 2.53800247e-002, 4.29243445e-002, 0., 0., 0.,
       0., 0., 0., 0., 0., 0., 0., 0., 0., 2.43113115e-002,
       1.46153253e-002, 5.52060902e-002, 3.18917260e-002,
       -3.01560992e-003, -4.22782823e-003, 7.00744661e-003,
       9.74758901e-003, 0., 0., 0., 0., 0., 0., 0., 0., 1.22166894e-001,
       -8.10065120e-002, 3.31522942e-001, 3.75039846e-001,
       7.29000717e-002, 4.36338447e-002, 9.06208158e-002,
       4.52077165e-002, 0., 0., 0., 0., 3.33693018e-003, 3.58108548e-004,
       3.33693018e-003, 2.01840419e-003, 3.17736626e-001,
       1.35691091e-001, 4.77099061e-001, 5.89066625e-001,
       3.13973464e-002, -2.79184673e-002, 7.50955641e-002,
       6.30881563e-002, 0., 0., 0., 0., 0., 0., 0., 0., 3.48269619e-004,
       -3.51383584e-003, 2.84868991e-003, 3.51383584e-003,
       9.36090437e-005, -3.48353497e-004, 3.48353497e-004,
       3.48353497e-004, 0., 0., 0., 0., 1.21262565e-003,
       -4.37764189e-004, 1.21262565e-003, 8.20994610e-004,
       7.50976056e-002, -2.44244989e-002, 7.75085762e-002,
       2.80342866e-002, -6.56843884e-003, 3.89940757e-003,
       6.79174811e-003, 6.71851076e-003, 0., 0., 0., 0., 1.82493553e-002,
       7.94207212e-003, 7.01143742e-002, 7.26921931e-002,
       4.85192776e-001, -1.19358920e-001, 4.85333860e-001,
       2.79240668e-001, -2.33769231e-002, 4.49525937e-003,
       2.76444480e-002, 2.53858902e-002, 0., 0., 0., 0., 7.04101622e-002,
       -1.39829358e-002, 7.04101622e-002, 5.99417202e-002,
       3.23924959e-001, -2.61291917e-002, 4.88613635e-001,
       2.11725533e-001, -2.33211759e-002, -4.44725342e-002,
       3.62096280e-002, 4.53202054e-002, 0., 0., 0., 0., 0., 0., 0., 0.,
       1.17551265e-002, -3.01778223e-002, 1.63261872e-002,
       3.01778223e-002, -3.53641738e-003, -4.45481529e-003,
       3.53641738e-003, 4.45481529e-003, 8.25564901e-004,
       -1.35124326e-004, 8.25564901e-004, 3.38071404e-004,
       4.19385135e-002, -1.56823117e-002, 5.06846048e-002,
       4.24616002e-002, -5.68705164e-002, 2.70053558e-002,
       7.28026256e-002, 5.37216961e-002, -1.43168413e-003,
       -3.57351033e-003, 7.15120090e-003, 6.11734716e-003,
       7.27301289e-004, 7.66937528e-003, 1.23528587e-002,
       8.87086242e-003, 3.42498124e-001, 5.89235239e-002,
       3.44380409e-001, 2.13536426e-001, -2.74328321e-001,
       1.98097676e-002, 3.42745513e-001, 2.55565614e-001,
       -9.68568900e-004, -5.65018738e-003, 4.15633507e-002,
       2.83218902e-002, 1.13333333e-002, -4.46888991e-003,
       1.45486435e-002, 2.15798039e-002, 3.36155772e-001,
       -1.36327505e-001, 3.64337504e-001, 2.61717558e-001,
       -1.34441733e-001, -8.04148149e-003, 1.72505260e-001,
       1.82630137e-001, -5.62963746e-002, 2.13044556e-003,
       6.31909594e-002, 2.03548409e-002, 5.25773030e-005,
       -5.25773030e-005, 5.25773030e-005, 5.25773030e-005,
       3.28596644e-002, -1.12791331e-002, 5.57755567e-002,
       3.71746570e-002, -3.56891491e-002, -3.55269015e-002,
       5.04470840e-002, 4.29333523e-002, -4.10396111e-004,
       1.02223412e-005, 4.10396111e-004, 2.52664177e-004, 0., 0., 0., 0.,
       0., 0., 0., 0., 1.07587734e-002, 3.51867490e-002, 3.62232439e-002,
       3.60891633e-002, 1.66538917e-002, 1.09728808e-002,
       1.78250056e-002, 1.10235950e-002, 0., 0., 0., 0., 3.62993106e-002,
       -5.13259508e-003, 3.62993106e-002, 3.19661424e-002,
       3.59776497e-001, -1.31368078e-003, 6.21888995e-001,
       2.51110613e-001, -1.80082116e-003, -8.22224002e-003,
       8.09137747e-002, 4.78988439e-002, 0., 0., 0., 0., 0., 0., 0., 0.,
       3.09421360e-001, -1.18499577e-001, 3.83774221e-001,
       3.58051121e-001, -3.10924370e-002, -7.63880536e-002,
       7.38353580e-002, 7.63880536e-002, 0., 0., 0., 0., 0., 0., 0., 0.,
       0., 0., 0., 0., 0., 0., 0., 0., 0., 0., 0., 0., 0., 0., 0., 0.,
       0., 0., 0., 0., 8.63297551e-004, 2.44661677e-003, 1.19824673e-003,
       2.44661677e-003, 0., 0., 0., 0., 9.39721093e-002, 1.87673047e-002,
       9.39721093e-002, 6.15301095e-002, 1.53001711e-001,
       1.04246907e-001, 4.93763030e-001, 3.29140663e-001,
       2.83324737e-002, 3.68811414e-002, 6.45499751e-002,
       4.77626547e-002, 0., 0., 0., 0., 2.01589912e-002,
       -2.47424487e-002, 2.01589912e-002, 2.47424487e-002,
       3.82301092e-001, 4.01116908e-002, 5.55975378e-001,
       3.23169202e-001, -6.98333532e-002, -5.03268503e-002,
       6.98333532e-002, 5.31014651e-002, 0., 0., 0., 0., 0., 0., 0., 0.,
       9.67845879e-003, -4.50482965e-002, 2.34436505e-002,
       4.50482965e-002, -1.16741972e-003, -1.57566194e-003,
       1.16741972e-003, 1.57566194e-003, 0., 0., 0., 0., 0., 0., 0., 0.,
       8.42455484e-004, 2.45659472e-003, 1.48811133e-003,
       2.45659472e-003, -2.05153498e-004, 6.81088073e-004,
       2.05153498e-004, 6.81088073e-004, 0., 0., 0., 0., 0., 0., 0., 0.,
       3.63065600e-001, 6.24376088e-002, 4.03129637e-001,
       1.82885706e-001, -7.30075389e-002, 3.57701555e-002,
       1.02429584e-001, 7.26490468e-002, 0., 0., 0., 0., 0., 0., 0., 0.,
       5.00124753e-001, 4.26476449e-002, 5.13053238e-001,
       3.46296906e-001, -3.68274786e-002, 3.36968489e-002,
       5.24149202e-002, 5.76274283e-002, 0., 0., 0., 0., 0., 0., 0., 0.,
       2.77923401e-002, -1.09592378e-002, 2.83458848e-002,
       1.65601186e-002, 1.10822199e-002, -3.34718684e-003,
       1.19964303e-002, 5.64978085e-003, 0., 0., 0., 0., 0., 0., 0., 0.,
       0., 0., 0., 0., 0., 0., 0., 0., 0., 0., 0., 0., 0., 0., 0., 0.,
       3.90379548e-001, 7.76531547e-002, 3.92133176e-001,
       3.21379334e-001, -8.15722421e-002, 6.55954257e-002,
       9.95794758e-002, 9.59551260e-002, 0., 0., 0., 0., 0., 0., 0., 0.,
       4.78124291e-001, 1.27968444e-002, 5.01959383e-001,
       2.46153519e-001, -1.42741194e-002, 2.59509627e-002,
       7.90494457e-002, 5.94679005e-002, 0., 0., 0., 0., 0., 0., 0., 0.,
