%YAML:1.0
img: !!opencv-matrix
   rows: 76
   cols: 64
   dt: f
   data: [ 0., 0., 0., 0., 5.37043288e-002, 7.24611757e-003,
       5.37043288e-002, 8.91041104e-003, 2.09159367e-002,
       5.83462417e-003, 2.21452806e-002, 7.80249899e-003,
       2.15169966e-005, -4.36494811e-005, 1.53040848e-004,
       1.14797505e-004, 0., 0., 0., 0., 4.46701854e-001, 1.69174463e-001,
       4.56573159e-001, 2.19768003e-001, 4.16296497e-002,
       1.57018695e-002, 5.70929945e-002, 3.07089612e-002,
       2.16020248e-003, -3.47936037e-003, 5.76272700e-003,
       7.29952101e-003, 0., 0., 0., 0., 2.42289364e-001,
       -2.35451028e-001, 2.42289364e-001, 2.35451028e-001,
       2.27045640e-001, -2.44534209e-001, 2.71802485e-001,
       2.89797068e-001, 2.69158767e-003, 9.44752153e-003,
       6.69515459e-003, 1.06824953e-002, 0., 0., 0., 0., 0., 0., 0., 0.,
       2.14442387e-002, -3.49120013e-002, 2.35984232e-002,
       3.91440354e-002, 3.33671318e-003, -1.29473163e-002,
       3.33671318e-003, 1.30526330e-002, 0., 0., 0., 0., 1.27204899e-002,
       1.15814237e-002, 1.46716237e-002, 1.49016734e-002,
       4.78152186e-003, 4.59097661e-002, 3.67427431e-002,
       7.33394623e-002, -6.09893934e-004, 7.83777796e-003,
       3.57943727e-003, 7.83777796e-003, 0., 0., 0., 0., 3.25163722e-001,
       1.31906182e-001, 3.53221506e-001, 4.05899763e-001,
       1.32863969e-001, 1.52834684e-001, 1.42736807e-001,
       1.94978163e-001, -2.12022141e-002, 1.62296891e-002,
       2.15817261e-002, 2.14112457e-002, 0., 0., 0., 0., 4.11535412e-001,
       -8.55655968e-002, 4.39922452e-001, 2.10449755e-001,
       7.50674754e-002, -6.23514801e-002, 1.58278689e-001,
       1.36930406e-001, -6.03087945e-003, 2.82425247e-003,
       6.13864744e-003, 6.61219796e-003, 0., 0., 0., 0., 3.21473889e-002,
       -2.32829079e-002, 5.40638380e-002, 2.34558005e-002,
       3.89519259e-002, -9.46411490e-003, 4.05625068e-002,
       1.80742256e-002, -1.37047580e-004, -1.83946686e-004,
       1.57862582e-004, 2.06208628e-004, 0., 0., 0., 0., 3.28461342e-002,
       -3.29166534e-003, 3.47031914e-002, 2.36263871e-002,
       4.02451120e-002, 4.01569344e-002, 4.08222340e-002,
       4.44361120e-002, -1.22487952e-004, 1.13943173e-003,
       4.82948148e-004, 1.75832852e-003, 0., 0., 0., 0., 4.30534363e-001,
       2.17069358e-001, 4.30534363e-001, 2.17738152e-001,
       8.90498012e-002, 2.22796146e-002, 9.62404236e-002,
       3.36448289e-002, 1.53184854e-004, -4.57587594e-004,
       1.56950019e-003, 1.47044822e-003, 0., 0., 0., 0., 4.32477653e-001,
       -2.25422934e-001, 4.32477653e-001, 2.28506178e-001,
       8.64732116e-002, -4.50518876e-002, 1.02013513e-001,
       5.00886254e-002, -2.65087263e-004, -9.18140344e-004,
       9.42404266e-004, 1.11176365e-003, 0., 0., 0., 0., 3.22264060e-002,
       4.92383633e-003, 3.22264060e-002, 8.10850039e-003,
       4.60221395e-002, 8.31795111e-003, 4.64055650e-002,
       1.25577720e-002, -1.70985004e-004, 9.99317053e-005,
       2.08089157e-004, 1.49149462e-004, 0., 0., 0., 0., 0., 0., 0., 0.,
       1.94182638e-002, 3.21266390e-002, 1.94182638e-002,
       3.21266390e-002, 5.62908407e-003, 1.27041293e-002,
       5.63918753e-003, 1.29497144e-002, 0., 0., 0., 0., 3.55448723e-001,
       1.49962634e-001, 3.55448723e-001, 1.71012416e-001,
       1.80917904e-001, 2.34533474e-001, 1.91399381e-001,
       2.52244025e-001, 1.27971894e-003, -1.51601236e-003,
       1.93961803e-003, 2.03020335e-003, 0., 0., 0., 0., 4.19071853e-001,
       -9.08006057e-002, 4.27748948e-001, 2.72151113e-001,
       1.06906675e-001, -7.15849772e-002, 1.19940445e-001,
       9.68192592e-002, -3.54559277e-003, -1.94901824e-002,
       5.98558085e-003, 2.01551225e-002, 0., 0., 0., 0., 9.61232558e-003,
       -1.44955972e-002, 1.15269255e-002, 1.44955972e-002,
       8.96273181e-003, -1.00632392e-001, 3.36881876e-002,
       1.00632392e-001, -2.52346322e-003, -9.50976647e-003,
       2.62351311e-003, 9.50976647e-003, 0., 0., 0., 0., 2.06002090e-002,
       9.55044851e-003, 2.06002090e-002, 9.55044851e-003,
       5.61955459e-002, 2.27042213e-002, 5.74418642e-002,
       2.46693306e-002, 2.99100593e-005, -3.54807475e-004,
       1.40283883e-004, 3.68799927e-004, 0., 0., 0., 0., 4.85276967e-001,
       9.96241421e-002, 4.85276967e-001, 1.04334012e-001,
       1.41804339e-002, -1.03371730e-003, 2.65042670e-002,
       2.94409022e-002, -5.69696166e-003, -7.83787202e-003,
       6.82551321e-003, 7.96375889e-003, 0., 0., 0., 0., 3.02000523e-001,
       -1.66405499e-001, 3.07435811e-001, 1.72769189e-001,
       1.15518101e-001, -3.15895736e-001, 1.65035307e-001,
       3.19158018e-001, -5.80732822e-002, -5.00755385e-002,
       5.97903617e-002, 5.07578701e-002, 0., 0., 0., 0., 1.34658383e-003,
       -9.63558443e-004, 1.34658383e-003, 9.63558443e-004,
       -7.57513917e-004, -6.30002003e-003, 1.68499618e-003,
       6.30002003e-003, 0., 0., 0., 0., 0., 0., 0., 0., 1.34069957e-002,
       4.85504325e-003, 1.34069957e-002, 4.85504325e-003,
       5.68188205e-002, 2.73174327e-002, 5.92333004e-002,
       2.87685897e-002, 9.40067868e-004, 2.71864049e-003,
       1.23786891e-003, 2.83607910e-003, 0., 0., 0., 0., 4.60457921e-001,
       1.27897441e-001, 4.60457921e-001, 1.27897441e-001,
       5.96990734e-002, 2.91235205e-002, 7.92596564e-002,
       3.26315723e-002, 1.34284992e-003, 2.33930792e-003,
       1.95477507e-003, 2.69099791e-003, 0., 0., 0., 0., 4.88841146e-001,
       -1.12087138e-001, 4.88841146e-001, 1.35436147e-001,
       2.59781033e-002, -6.66897558e-003, 5.00886552e-002,
       3.23565267e-002, -1.65461227e-002, -1.20280040e-002,
       3.21051478e-002, 3.26198861e-002, 0., 0., 0., 0., 4.81633618e-002,
       -1.00344513e-003, 4.81633618e-002, 3.45582468e-003,
       2.39286181e-002, -2.28060829e-003, 4.15168852e-002,
       9.49667208e-003, 3.52087431e-003, -1.66957499e-003,
       3.97027424e-003, 5.25831664e-003, 0., 0., 0., 0., 1.11140758e-002,
       9.80691798e-003, 1.11140758e-002, 9.80691798e-003,
       1.98678859e-002, 1.02519006e-001, 1.98678859e-002,
       1.02519006e-001, -7.20631285e-003, 8.70797690e-003,
       7.20631285e-003, 8.70797690e-003, 0., 0., 0., 0., 4.56987351e-001,
       1.14578679e-001, 4.56987351e-001, 1.14578679e-001,
       4.34334613e-002, 2.40481459e-002, 5.08699715e-002,
       2.52345875e-002, -4.67203222e-002, 2.20272373e-002,
       4.91747744e-002, 2.23501381e-002, 0., 0., 0., 0., 4.68478888e-001,
       -1.11203201e-001, 4.68478888e-001, 1.11203201e-001,
       -6.10678345e-002, -3.34077813e-002, 1.53885022e-001,
       1.20770395e-001, 3.27605531e-002, -5.44902403e-003,
       4.52407934e-002, 5.60421981e-002, 0., 0., 0., 0., 6.60957471e-002,
       2.86192400e-003, 6.60957471e-002, 2.86192400e-003,
       6.58571161e-003, 6.33267174e-003, 1.70839839e-002,
       8.96938238e-003, -3.71841830e-004, -3.24400171e-005,
       4.24024445e-004, 1.73066132e-004, 0., 0., 0., 0., 0., 0., 0., 0.,
       5.03919274e-002, 1.77535806e-002, 5.07718660e-002,
       2.56424714e-002, 5.79035783e-004, 2.70931213e-003,
       9.75461851e-004, 3.01652122e-003, 0., 0., 0., 0., 9.50797722e-002,
       -1.46688623e-002, 9.50797722e-002, 6.49581999e-002,
       4.00064737e-001, -1.33923097e-002, 4.50684160e-001,
       2.97809780e-001, -8.23682698e-004, -1.72777579e-003,
       1.48723472e-003, 1.93282054e-003, 0., 0., 0., 0., 8.46774410e-003,
       1.39119814e-003, 8.46774410e-003, 5.63783105e-003,
       4.84887809e-001, 4.60466072e-002, 4.89778310e-001,
       1.81682870e-001, 3.98326374e-004, 2.50405341e-004,
       1.20742701e-003, 1.22500863e-003, 0., 0., 0., 0., 0., 0., 0., 0.,
       4.93813492e-002, -4.52915169e-002, 4.93813492e-002,
       4.57120016e-002, 7.60317605e-004, -5.08225581e-004,
       1.42800726e-003, 7.71833758e-004, 0., 0., 0., 0., 6.61910772e-002,
       2.45806505e-003, 6.61910772e-002, 3.64413392e-003,
       6.63172640e-003, 4.65773186e-003, 1.79337878e-002,
       1.26623390e-002, 4.16989387e-005, 6.99207711e-004,
